{
  "description": "Chord weights = sqrt(monthly_counts[a]*monthly_counts[b])*confidence for CSV pairs; nodes top by pair frequency.",
  "max_nodes": 30,
  "min_confidence": 0.6,
  "nodes": [
    "Madagascar   Ltd. Corporation Express",
    "Barents Sea Cod Corp Marine",
    "Lake Nasser  Freight  Seal",
    "Blue Water Ventures Investment",
    "Lake Motoso  Sagl Brothers",
    "Madhya Pradesh   SRL Line",
    "Rift Valley fishery Inc",
    "Blue Horizon Co Distribution",
    "Black Sea Tuna Snapper",
    "Coral Cove BV Delivery",
    "Arunachal Pradesh s Company",
    "Fisherman's Bounty Pic Transport",
    "Mar del Oeste Transport",
    "Fisherman's Best Marine conservation",
    "Kong zhong diao yu  Ges.m.b.H.",
    "Lake Chad  Marine conservation",
    "Lake Motoso  Sea spray",
    "Ola del Mar S.A. de C.V.",
    "Saltwater Supreme ОАО Forwading",
    "Mar de Estrellas Incorporated",
    "Saltwater Solitude Company Worldwide",
    "Madhya Pradesh  Market Ltd. Liability Co Marine ecology",
    "Orange River Mouth   Sashimi Ges.m.b.H. Freight ",
    "Costa de la Felicidad Shipping",
    "Saltwater Supreme A/S Shipping",
    "Coral Reef Ray Company Worldwide",
    "Indian Ocean Harvesters S.A. de C.V. Consultants",
    "Selous Game Reserve  S.A. de C.V.",
    "Caracola Azul Ltd. Corporation",
    "Océano de Coral Corporation Express"
  ],
  "node_labels": [
    "Madagascar   Ltd. Corporat…",
    "Barents Sea Cod Corp Marin…",
    "Lake Nasser  Freight  Seal",
    "Blue Water Ventures Invest…",
    "Lake Motoso  Sagl Brothers",
    "Madhya Pradesh   SRL Line",
    "Rift Valley fishery Inc",
    "Blue Horizon Co Distributi…",
    "Black Sea Tuna Snapper",
    "Coral Cove BV Delivery",
    "Arunachal Pradesh s Compan…",
    "Fisherman's Bounty Pic Tra…",
    "Mar del Oeste Transport",
    "Fisherman's Best Marine co…",
    "Kong zhong diao yu  Ges.m.…",
    "Lake Chad  Marine conserva…",
    "Lake Motoso  Sea spray",
    "Ola del Mar S.A. de C.V.",
    "Saltwater Supreme ОАО Forw…",
    "Mar de Estrellas Incorpora…",
    "Saltwater Solitude Company…",
    "Madhya Pradesh  Market Ltd…",
    "Orange River Mouth   Sashi…",
    "Costa de la Felicidad Ship…",
    "Saltwater Supreme A/S Ship…",
    "Coral Reef Ray Company Wor…",
    "Indian Ocean Harvesters S.…",
    "Selous Game Reserve  S.A. …",
    "Caracola Azul Ltd. Corpora…",
    "Océano de Coral Corporatio…"
  ],
  "months": [
    "2028-01",
    "2028-02",
    "2028-03",
    "2028-04",
    "2028-05",
    "2028-06",
    "2028-07",
    "2028-08",
    "2028-09",
    "2028-10",
    "2028-11",
    "2028-12",
    "2029-01",
    "2029-02",
    "2029-03",
    "2029-04",
    "2029-05",
    "2029-06",
    "2029-07",
    "2029-08",
    "2029-09",
    "2029-10",
    "2029-11",
    "2029-12",
    "2030-01",
    "2030-02",
    "2030-03",
    "2030-04",
    "2030-05",
    "2030-06",
    "2030-07",
    "2030-08",
    "2030-09",
    "2030-10",
    "2030-11",
    "2030-12",
    "2031-01",
    "2031-02",
    "2031-03",
    "2031-04",
    "2031-05",
    "2031-06",
    "2031-07",
    "2031-08",
    "2031-09",
    "2031-10",
    "2031-11",
    "2031-12",
    "2032-01",
    "2032-02",
    "2032-03",
    "2032-04",
    "2032-05",
    "2032-06",
    "2032-07",
    "2032-08",
    "2032-09",
    "2032-10",
    "2032-11",
    "2032-12",
    "2033-01",
    "2033-02",
    "2033-03",
    "2033-04",
    "2033-05",
    "2033-06",
    "2033-07",
    "2033-08",
    "2033-09",
    "2033-10",
    "2033-11",
    "2033-12",
    "2034-01",
    "2034-02",
    "2034-03",
    "2034-04",
    "2034-05",
    "2034-06",
    "2034-07",
    "2034-08",
    "2034-09",
    "2034-10",
    "2034-11",
    "2034-12"
  ],
  "matrices": [
    [
      [
        0.0,
        27.839999999999996,
        22.91025971044414,
        38.36,
        113.8305443718864,
        9.05096679918781,
        0.0,
        51.396329207444374,
        0.0,
        0.0,
        55.77528169359614,
        50.44848461549663,
        30.3659936112751,
        0.0,
        0.0,
        35.448085759318516,
        0.0,
        48.370622489275455,
        0.0,
        28.277790012658347,
        46.97321790126796,
        25.21567512481076,
        36.51606462914645,
        0.0,
        24.14953415699773,
        47.854038742827136,
        55.94078698052076,
        0.0,
        0.0,
        0.0
      ],
      [
        27.839999999999996,
        0.0,
        14.382551929334378,
        24.045,
        70.82695461475102,
        0.0,
        0.0,
        32.169875660313025,
        0.0,
        0.0,
        34.911271460661524,
        31.76214334707279,
        19.28987299076902,
        0.0,
        0.0,
        22.28771859118829,
        22.43894215421039,
        30.365803134447148,
        0.0,
        17.77944881035405,
        29.53146626904936,
        15.759796953006726,
        23.02601029271029,
        0.0,
        15.093458848123582,
        29.775451298007223,
        35.01471226498941,
        0.0,
        0.0,
        0.0
      ],
      [
        22.91025971044414,
        14.382551929334378,
        0.0,
        20.01677876182879,
        60.188363376985095,
        0.0,
        0.0,
        26.97684473766345,
        0.0,
        0.0,
        29.667082364128767,
        26.203524343110796,
        16.392000000000003,
        0.0,
        0.0,
        18.93989883816701,
        19.267757783405937,
        25.614449047363873,
        0.0,
        15.041462694831246,
        24.470402530403952,
        13.27313241100231,
        19.192917756297504,
        0.0,
        12.655435195993855,
        25.11447056977312,
        29.359878848523884,
        0.0,
        0.0,
        0.0
      ],
      [
        38.36,
        24.045,
        20.01677876182879,
        0.0,
        99.00973983906836,
        0.0,
        0.0,
        44.31140937726987,
        0.0,
        0.0,
        48.44132866674902,
        43.29852475546944,
        26.451450470626373,
        0.0,
        0.0,
        31.34210426885853,
        31.414519015894548,
        42.136464968006045,
        0.0,
        24.85418781614077,
        40.85907855054982,
        21.801052451659302,
        31.951556550503142,
        0.0,
        21.130842387373015,
        0.0,
        48.51373722977854,
        0.0,
        0.0,
        0.0
      ],
      [
        113.8305443718864,
        70.82695461475102,
        60.188363376985095,
        99.00973983906836,
        0.0,
        0.0,
        0.0,
        133.6360306953181,
        0.0,
        0.0,
        147.1840383363631,
        130.5801659977502,
        80.84914782482251,
        0.0,
        0.0,
        94.38330134086222,
        96.15894997346842,
        127.0773144192149,
        0.0,
        74.84432828210832,
        121.9434906011797,
        67.82990420161303,
        0.0,
        0.0,
        63.349554063150286,
        124.77724330982794,
        144.99705411145428,
        0.0,
        0.0,
        0.0
      ],
      [
        9.05096679918781,
        0.0,
        0.0,
        0.0,
        0.0,
        0.0,
        21.87967092988375,
        0.0,
        19.983993594874875,
        41.19805820666795,
        0.0,
        0.0,
        0.0,
        0.0,
        0.0,
        0.0,
        0.0,
        0.0,
        49.793172222705394,
        0.0,
        9.797958971132713,
        0.0,
        0.0,
        47.86648096528509,
        0.0,
        0.0,
        0.0,
        35.50774563387544,
        13.717142559585799,
        28.50964748992874
      ],
      [
        0.0,
        0.0,
        0.0,
        0.0,
        0.0,
        21.87967092988375,
        0.0,
        0.0,
        234.3350294940985,
        490.1362263534496,
        0.0,
        0.0,
        0.0,
        234.0259794809115,
        328.9653534401457,
        0.0,
        0.0,
        0.0,
        587.2860732215603,
        0.0,
        0.0,
        0.0,
        0.0,
        570.2891311782121,
        0.0,
        0.0,
        0.0,
        418.7964648847934,
        158.97329005842462,
        335.7699961134109
      ],
      [
        51.396329207444374,
        32.169875660313025,
        26.97684473766345,
        44.31140937726987,
        133.6360306953181,
        0.0,
        0.0,
        0.0,
        0.0,
        0.0,
        65.96804111082882,
        58.7913593651312,
        36.07585962939761,
        0.0,
        0.0,
        41.739493576228256,
        42.27442631189689,
        56.78780221139044,
        0.0,
        33.29659724356229,
        54.657750365341606,
        29.558528244823016,
        43.38140495650182,
        0.0,
        28.35171105947576,
        56.515613382498124,
        65.96804111082882,
        0.0,
        0.0,
        0.0
      ],
      [
        0.0,
        0.0,
        0.0,
        0.0,
        0.0,
        19.983993594874875,
        234.3350294940985,
        0.0,
        0.0,
        441.8814761086959,
        0.0,
        0.0,
        0.0,
        213.74972639982494,
        295.680389610133,
        0.0,
        0.0,
        0.0,
        531.7386260786403,
        0.0,
        0.0,
        0.0,
        0.0,
        509.66896268067967,
        0.0,
        0.0,
        0.0,
        378.0765897010817,
        145.19967966906813,
        301.7823621088549
      ],
      [
        0.0,
        0.0,
        0.0,
        0.0,
        0.0,
        41.19805820666795,
        490.1362263534496,
        0.0,
        441.8814761086959,
        0.0,
        0.0,
        0.0,
        0.0,
        437.43517754977137,
        629.2818216220772,
        0.0,
        0.0,
        0.0,
        1118.6442509788355,
        0.0,
        0.0,
        0.0,
        0.0,
        1098.4690055982462,
        0.0,
        0.0,
        0.0,
        796.5676324016687,
        299.77830775758275,
        634.9868318634647
      ],
      [
        55.77528169359614,
        34.911271460661524,
        29.667082364128767,
        48.44132866674902,
        147.1840383363631,
        0.0,
        0.0,
        65.96804111082882,
        0.0,
        0.0,
        0.0,
        64.07927315442959,
        39.2635350420718,
        0.0,
        0.0,
        46.17780562131553,
        0.0,
        61.8035390572417,
        0.0,
        0.0,
        59.48268991900081,
        32.41004930573232,
        46.794696900396744,
        0.0,
        0.0,
        0.0,
        71.155,
        0.0,
        0.0,
        0.0
      ],
      [
        50.44848461549663,
        31.76214334707279,
        26.203524343110796,
        43.29852475546944,
        130.5801659977502,
        0.0,
        0.0,
        58.7913593651312,
        0.0,
        0.0,
        64.07927315442959,
        0.0,
        35.20032999845314,
        0.0,
        0.0,
        40.845446061954085,
        0.0,
        55.739554357744915,
        0.0,
        32.730608182555976,
        54.049903330163325,
        29.143074649048273,
        42.01502283707579,
        0.0,
        27.8283042961658,
        55.390086622066235,
        64.75076254377241,
        0.0,
        0.0,
        0.0
      ],
      [
        30.3659936112751,
        19.28987299076902,
        16.392000000000003,
        26.451450470626373,
        80.84914782482251,
        0.0,
        0.0,
        36.07585962939761,
        0.0,
        0.0,
        39.2635350420718,
        35.20032999845314,
        0.0,
        0.0,
        0.0,
        25.440815081282285,
        25.91802770274004,
        34.20319517238119,
        0.0,
        0.0,
        32.627203373871936,
        17.724042879659258,
        25.667290312769673,
        0.0,
        16.848615373377125,
        33.63679842077721,
        39.146505131365174,
        0.0,
        0.0,
        0.0
      ],
      [
        0.0,
        0.0,
        0.0,
        0.0,
        0.0,
        0.0,
        234.0259794809115,
        0.0,
        213.74972639982494,
        437.43517754977137,
        0.0,
        0.0,
        0.0,
        0.0,
        292.6696942835045,
        0.0,
        0.0,
        0.0,
        528.6968871867888,
        0.0,
        0.0,
        0.0,
        0.0,
        506.74252715753,
        0.0,
        0.0,
        0.0,
        378.1267447629168,
        146.71919579932273,
        300.4823229076879
      ],
      [
        0.0,
        0.0,
        0.0,
        0.0,
        0.0,
        0.0,
        328.9653534401457,
        0.0,
        295.680389610133,
        629.2818216220772,
        0.0,
        0.0,
        0.0,
        292.6696942835045,
        0.0,
        0.0,
        0.0,
        0.0,
        751.9008796324154,
        0.0,
        0.0,
        0.0,
        0.0,
        736.3465245792908,
        0.0,
        0.0,
        0.0,
        536.1840586589645,
        201.16613689187352,
        421.82477878853916
      ],
      [
        35.448085759318516,
        22.28771859118829,
        18.93989883816701,
        31.34210426885853,
        94.38330134086222,
        0.0,
        0.0,
        41.739493576228256,
        0.0,
        0.0,
        46.17780562131553,
        40.845446061954085,
        25.440815081282285,
        0.0,
        0.0,
        0.0,
        30.08010106366001,
        39.57283512714246,
        0.0,
        23.446704843111753,
        38.31623285240865,
        20.814395211007213,
        30.14255463626134,
        0.0,
        19.90507673936476,
        39.32472713192045,
        45.83473128534736,
        0.0,
        0.0,
        0.0
      ],
      [
        0.0,
        22.43894215421039,
        19.267757783405937,
        31.414519015894548,
        96.15894997346842,
        0.0,
        0.0,
        42.27442631189689,
        0.0,
        0.0,
        0.0,
        0.0,
        25.91802770274004,
        0.0,
        0.0,
        30.08010106366001,
        0.0,
        40.2,
        0.0,
        0.0,
        38.516819378032764,
        21.112522113665154,
        30.346667527094304,
        0.0,
        20.28,
        39.59021697338877,
        46.56082489604324,
        0.0,
        0.0,
        0.0
      ],
      [
        48.370622489275455,
        30.365803134447148,
        25.614449047363873,
        42.136464968006045,
        127.0773144192149,
        0.0,
        0.0,
        56.78780221139044,
        0.0,
        0.0,
        61.8035390572417,
        55.739554357744915,
        34.20319517238119,
        0.0,
        0.0,
        39.57283512714246,
        40.2,
        0.0,
        0.0,
        31.804844913943537,
        52.28527517380013,
        27.940267715252837,
        40.28023435880184,
        0.0,
        0.0,
        53.34344495812021,
        62.543701201639806,
        0.0,
        0.0,
        0.0
      ],
      [
        0.0,
        0.0,
        0.0,
        0.0,
        0.0,
        49.793172222705394,
        587.2860732215603,
        0.0,
        531.7386260786403,
        1118.6442509788355,
        0.0,
        0.0,
        0.0,
        528.6968871867888,
        751.9008796324154,
        0.0,
        0.0,
        0.0,
        0.0,
        0.0,
        0.0,
        0.0,
        0.0,
        1307.1590618283606,
        0.0,
        0.0,
        0.0,
        953.0858379495521,
        362.8543972449556,
        761.9183093711557
      ],
      [
        28.277790012658347,
        17.77944881035405,
        15.041462694831246,
        24.85418781614077,
        74.84432828210832,
        0.0,
        0.0,
        33.29659724356229,
        0.0,
        0.0,
        0.0,
        32.730608182555976,
        0.0,
        0.0,
        0.0,
        23.446704843111753,
        0.0,
        31.804844913943537,
        0.0,
        0.0,
        30.65743139925457,
        16.678601380211713,
        24.11721774998103,
        0.0,
        15.807765180442175,
        31.370280011501332,
        36.45399533658828,
        0.0,
        0.0,
        0.0
      ],
      [
        46.97321790126796,
        29.53146626904936,
        24.470402530403952,
        40.85907855054982,
        121.9434906011797,
        9.797958971132713,
        0.0,
        54.657750365341606,
        0.0,
        0.0,
        59.48268991900081,
        54.049903330163325,
        32.627203373871936,
        0.0,
        0.0,
        38.31623285240865,
        38.516819378032764,
        52.28527517380013,
        0.0,
        30.65743139925457,
        0.0,
        0.0,
        0.0,
        0.0,
        25.832798919203473,
        51.57259446644119,
        60.73684301970263,
        0.0,
        0.0,
        0.0
      ],
      [
        25.21567512481076,
        15.759796953006726,
        13.27313241100231,
        21.801052451659302,
        67.82990420161303,
        0.0,
        0.0,
        29.558528244823016,
        0.0,
        0.0,
        32.41004930573232,
        29.143074649048273,
        17.724042879659258,
        0.0,
        0.0,
        20.814395211007213,
        21.112522113665154,
        27.940267715252837,
        0.0,
        16.678601380211713,
        0.0,
        0.0,
        21.409440627909923,
        0.0,
        13.949157680663017,
        27.890159877634265,
        32.26449519208382,
        0.0,
        0.0,
        0.0
      ],
      [
        36.51606462914645,
        23.02601029271029,
        19.192917756297504,
        31.951556550503142,
        0.0,
        0.0,
        0.0,
        43.38140495650182,
        0.0,
        0.0,
        46.794696900396744,
        42.01502283707579,
        25.667290312769673,
        0.0,
        0.0,
        30.14255463626134,
        30.346667527094304,
        40.28023435880184,
        0.0,
        24.11721774998103,
        0.0,
        21.409440627909923,
        0.0,
        0.0,
        20.564758204267807,
        40.02769121495768,
        46.93501083413106,
        0.0,
        0.0,
        0.0
      ],
      [
        0.0,
        0.0,
        0.0,
        0.0,
        0.0,
        47.86648096528509,
        570.2891311782121,
        0.0,
        509.66896268067967,
        1098.4690055982462,
        0.0,
        0.0,
        0.0,
        506.74252715753,
        736.3465245792908,
        0.0,
        0.0,
        0.0,
        1307.1590618283606,
        0.0,
        0.0,
        0.0,
        0.0,
        0.0,
        0.0,
        0.0,
        0.0,
        945.4196494678963,
        348.30118910219073,
        742.0319712788661
      ],
      [
        24.14953415699773,
        15.093458848123582,
        12.655435195993855,
        21.130842387373015,
        63.349554063150286,
        0.0,
        0.0,
        28.35171105947576,
        0.0,
        0.0,
        0.0,
        27.8283042961658,
        16.848615373377125,
        0.0,
        0.0,
        19.90507673936476,
        20.28,
        0.0,
        0.0,
        15.807765180442175,
        25.832798919203473,
        13.949157680663017,
        20.564758204267807,
        0.0,
        0.0,
        26.51272562374529,
        30.762989126546206,
        0.0,
        0.0,
        0.0
      ],
      [
        47.854038742827136,
        29.775451298007223,
        25.11447056977312,
        0.0,
        124.77724330982794,
        0.0,
        0.0,
        56.515613382498124,
        0.0,
        0.0,
        0.0,
        55.390086622066235,
        33.63679842077721,
        0.0,
        0.0,
        39.32472713192045,
        39.59021697338877,
        53.34344495812021,
        0.0,
        31.370280011501332,
        51.57259446644119,
        27.890159877634265,
        40.02769121495768,
        0.0,
        26.51272562374529,
        0.0,
        61.967693421653195,
        0.0,
        0.0,
        0.0
      ],
      [
        55.94078698052076,
        35.01471226498941,
        29.359878848523884,
        48.51373722977854,
        144.99705411145428,
        0.0,
        0.0,
        65.96804111082882,
        0.0,
        0.0,
        71.155,
        64.75076254377241,
        39.146505131365174,
        0.0,
        0.0,
        45.83473128534736,
        46.56082489604324,
        62.543701201639806,
        0.0,
        36.45399533658828,
        60.73684301970263,
        32.26449519208382,
        46.93501083413106,
        0.0,
        30.762989126546206,
        61.967693421653195,
        0.0,
        0.0,
        0.0,
        0.0
      ],
      [
        0.0,
        0.0,
        0.0,
        0.0,
        0.0,
        35.50774563387544,
        418.7964648847934,
        0.0,
        378.0765897010817,
        796.5676324016687,
        0.0,
        0.0,
        0.0,
        378.1267447629168,
        536.1840586589645,
        0.0,
        0.0,
        0.0,
        953.0858379495521,
        0.0,
        0.0,
        0.0,
        0.0,
        945.4196494678963,
        0.0,
        0.0,
        0.0,
        0.0,
        258.3726603087099,
        546.4910140844038
      ],
      [
        0.0,
        0.0,
        0.0,
        0.0,
        0.0,
        13.717142559585799,
        158.97329005842462,
        0.0,
        145.19967966906813,
        299.77830775758275,
        0.0,
        0.0,
        0.0,
        146.71919579932273,
        201.16613689187352,
        0.0,
        0.0,
        0.0,
        362.8543972449556,
        0.0,
        0.0,
        0.0,
        0.0,
        348.30118910219073,
        0.0,
        0.0,
        0.0,
        258.3726603087099,
        0.0,
        206.22879436441463
      ],
      [
        0.0,
        0.0,
        0.0,
        0.0,
        0.0,
        28.50964748992874,
        335.7699961134109,
        0.0,
        301.7823621088549,
        634.9868318634647,
        0.0,
        0.0,
        0.0,
        300.4823229076879,
        421.82477878853916,
        0.0,
        0.0,
        0.0,
        761.9183093711557,
        0.0,
        0.0,
        0.0,
        0.0,
        742.0319712788661,
        0.0,
        0.0,
        0.0,
        546.4910140844038,
        206.22879436441463,
        0.0
      ]
    ],
    [
      [
        0.0,
        30.369854527145826,
        27.201746267473347,
        33.22073448917107,
        86.9395143303665,
        0.0,
        0.0,
        48.34620398749007,
        0.0,
        0.0,
        51.43640174040171,
        57.120000000000005,
        32.541770572604065,
        0.0,
        0.0,
        31.61553036088435,
        0.0,
        47.4550074070166,
        0.0,
        26.91965408395881,
        44.521426392243995,
        27.08084961739569,
        43.029916941588446,
        0.0,
        22.589820716420043,
        45.32643758337953,
        60.06898114667836,
        0.0,
        0.0,
        0.0
      ],
      [
        30.369854527145826,
        0.0,
        21.289631842753884,
        25.960965544447692,
        67.44075029238628,
        0.0,
        0.0,
        37.7263759192425,
        0.0,
        0.0,
        40.138385617759965,
        44.834806791152786,
        25.77202110817078,
        0.0,
        0.0,
        24.782135501203282,
        22.06686130830572,
        37.14074140347767,
        0.0,
        21.101228021136592,
        34.89548154131134,
        21.101228021136592,
        33.827559208432405,
        0.0,
        17.601846494047155,
        35.16063992591717,
        46.87461174239206,
        0.0,
        0.0,
        0.0
      ],
      [
        27.201746267473347,
        21.289631842753884,
        0.0,
        23.52250343819722,
        62.3777422002432,
        0.0,
        0.0,
        34.43341923190319,
        0.0,
        0.0,
        37.124649708785135,
        40.25858447586055,
        23.836602148796292,
        0.0,
        0.0,
        22.92155404853694,
        20.623513570679467,
        34.09919353885074,
        0.0,
        19.43,
        31.471583182293198,
        19.343,
        30.689249143633347,
        0.0,
        16.063487168108924,
        32.27867785396422,
        42.779398417930096,
        0.0,
        0.0,
        0.0
      ],
      [
        33.22073448917107,
        25.960965544447692,
        23.52250343819722,
        0.0,
        74.84432828210832,
        0.0,
        0.0,
        41.254223783753346,
        0.0,
        0.0,
        44.21477635361283,
        48.521671323234536,
        28.056,
        0.0,
        0.0,
        27.666767068090916,
        24.525945119403655,
        40.91485774141223,
        0.0,
        23.417803867997527,
        38.32921319307246,
        23.173504870864917,
        37.26500119414999,
        0.0,
        19.56335860735574,
        0.0,
        51.55953646029025,
        0.0,
        0.0,
        0.0
      ],
      [
        86.9395143303665,
        67.44075029238628,
        62.3777422002432,
        74.84432828210832,
        0.0,
        0.0,
        0.0,
        109.7246462742077,
        0.0,
        0.0,
        118.47858695983845,
        129.05286005354552,
        75.62745279328136,
        0.0,
        0.0,
        73.47730044034009,
        66.2083576597396,
        108.82251061246474,
        0.0,
        62.19181748429612,
        100.88526144090623,
        63.586252853899175,
        0.0,
        0.0,
        51.72469429585834,
        103.16175477375326,
        135.90368001639987,
        0.0,
        0.0,
        0.0
      ],
      [
        0.0,
        0.0,
        0.0,
        0.0,
        0.0,
        0.0,
        0.0,
        0.0,
        0.0,
        0.0,
        0.0,
        0.0,
        0.0,
        0.0,
        0.0,
        0.0,
        0.0,
        0.0,
        0.0,
        0.0,
        0.0,
        0.0,
        0.0,
        0.0,
        0.0,
        0.0,
        0.0,
        0.0,
        0.0,
        0.0
      ],
      [
        0.0,
        0.0,
        0.0,
        0.0,
        0.0,
        0.0,
        0.0,
        0.0,
        246.73122737099982,
        553.3160603633333,
        0.0,
        0.0,
        0.0,
        285.46164531159,
        296.6780958850855,
        0.0,
        0.0,
        0.0,
        565.3311105891838,
        0.0,
        0.0,
        0.0,
        0.0,
        599.8194262225924,
        0.0,
        0.0,
        0.0,
        426.2457896566252,
        188.32540809991627,
        328.4904598066738
      ],
      [
        48.34620398749007,
        37.7263759192425,
        34.43341923190319,
        41.254223783753346,
        109.7246462742077,
        0.0,
        0.0,
        0.0,
        0.0,
        0.0,
        65.40103485419783,
        71.56090105637297,
        41.561632306732136,
        0.0,
        0.0,
        40.02,
        35.84864181527663,
        59.89321898178458,
        0.0,
        34.07580211821873,
        55.691989819003595,
        34.12689027731651,
        54.95565375828041,
        0.0,
        28.510545417441598,
        57.54712885974418,
        76.1513324899834,
        0.0,
        0.0,
        0.0
      ],
      [
        0.0,
        0.0,
        0.0,
        0.0,
        0.0,
        0.0,
        246.73122737099982,
        0.0,
        0.0,
        425.1858484945143,
        0.0,
        0.0,
        0.0,
        222.23158947368398,
        227.28688479540565,
        0.0,
        0.0,
        0.0,
        436.2826320632074,
        0.0,
        0.0,
        0.0,
        0.0,
        456.9094616660943,
        0.0,
        0.0,
        0.0,
        327.98457085661823,
        146.61113136457274,
        251.64671235682775
      ],
      [
        0.0,
        0.0,
        0.0,
        0.0,
        0.0,
        0.0,
        553.3160603633333,
        0.0,
        425.1858484945143,
        0.0,
        0.0,
        0.0,
        0.0,
        487.62223203623523,
        518.6407166121842,
        0.0,
        0.0,
        0.0,
        984.0819780973534,
        0.0,
        0.0,
        0.0,
        0.0,
        1055.8429871794385,
        0.0,
        0.0,
        0.0,
        740.9106721542078,
        324.54211236140065,
        567.7167325207175
      ],
      [
        51.43640174040171,
        40.138385617759965,
        37.124649708785135,
        44.21477635361283,
        118.47858695983845,
        0.0,
        0.0,
        65.40103485419783,
        0.0,
        0.0,
        0.0,
        76.46776638558237,
        44.346958046747694,
        0.0,
        0.0,
        43.40719571683939,
        0.0,
        63.90494541113387,
        0.0,
        0.0,
        59.41965304509949,
        36.68530474181726,
        58.11709978999296,
        0.0,
        0.0,
        0.0,
        80.52817767713361,
        0.0,
        0.0,
        0.0
      ],
      [
        57.120000000000005,
        44.834806791152786,
        40.25858447586055,
        48.521671323234536,
        129.05286005354552,
        0.0,
        0.0,
        71.56090105637297,
        0.0,
        0.0,
        76.46776638558237,
        0.0,
        48.812655858906105,
        0.0,
        0.0,
        47.139323711737745,
        0.0,
        70.76131281993008,
        0.0,
        40.31903280089938,
        66.28964593358454,
        40.50037777601587,
        64.0653443914883,
        0.0,
        33.68393266826188,
        67.8886316256264,
        89.9701825606684,
        0.0,
        0.0,
        0.0
      ],
      [
        32.541770572604065,
        25.77202110817078,
        23.836602148796292,
        28.056,
        75.62745279328136,
        0.0,
        0.0,
        41.561632306732136,
        0.0,
        0.0,
        44.346958046747694,
        48.812655858906105,
        0.0,
        0.0,
        0.0,
        27.789730477282433,
        25.03919359723871,
        41.09724195125508,
        0.0,
        0.0,
        37.87426704241285,
        23.31310429779784,
        37.04351530295148,
        0.0,
        19.302513825924333,
        39.02053974511373,
        51.48258192825997,
        0.0,
        0.0,
        0.0
      ],
      [
        0.0,
        0.0,
        0.0,
        0.0,
        0.0,
        0.0,
        285.46164531159,
        0.0,
        222.23158947368398,
        487.62223203623523,
        0.0,
        0.0,
        0.0,
        0.0,
        260.63119543139885,
        0.0,
        0.0,
        0.0,
        502.54303300413994,
        0.0,
        0.0,
        0.0,
        0.0,
        526.2911959162913,
        0.0,
        0.0,
        0.0,
        380.0211874645939,
        171.62676336748882,
        290.27733219113065
      ],
      [
        0.0,
        0.0,
        0.0,
        0.0,
        0.0,
        0.0,
        296.6780958850855,
        0.0,
        227.28688479540565,
        518.6407166121842,
        0.0,
        0.0,
        0.0,
        260.63119543139885,
        0.0,
        0.0,
        0.0,
        0.0,
        528.4193657427782,
        0.0,
        0.0,
        0.0,
        0.0,
        565.4218963331717,
        0.0,
        0.0,
        0.0,
        398.4152394976879,
        173.98210456250953,
        301.28527876416405
      ],
      [
        31.61553036088435,
        24.782135501203282,
        22.92155404853694,
        27.666767068090916,
        73.47730044034009,
        0.0,
        0.0,
        40.02,
        0.0,
        0.0,
        43.40719571683939,
        47.139323711737745,
        27.789730477282433,
        0.0,
        0.0,
        0.0,
        24.185311244637727,
        39.57283512714246,
        0.0,
        22.751260184877676,
        37.01699771726497,
        22.78531895760953,
        36.20480631076487,
        0.0,
        18.978746007046936,
        37.966305587981566,
        50.16675552594567,
        0.0,
        0.0,
        0.0
      ],
      [
        0.0,
        22.06686130830572,
        20.623513570679467,
        24.525945119403655,
        66.2083576597396,
        0.0,
        0.0,
        35.84864181527663,
        0.0,
        0.0,
        0.0,
        0.0,
        25.03919359723871,
        0.0,
        0.0,
        24.185311244637727,
        0.0,
        35.55421775260989,
        0.0,
        0.0,
        32.91045450916776,
        20.44073501613873,
        32.23756665755032,
        0.0,
        17.101597586190596,
        33.80536099496646,
        45.07202449413605,
        0.0,
        0.0,
        0.0
      ],
      [
        47.4550074070166,
        37.14074140347767,
        34.09919353885074,
        40.91485774141223,
        108.82251061246474,
        0.0,
        0.0,
        59.89321898178458,
        0.0,
        0.0,
        63.90494541113387,
        70.76131281993008,
        41.09724195125508,
        0.0,
        0.0,
        39.57283512714246,
        35.55421775260989,
        0.0,
        0.0,
        33.94764156756696,
        55.56361219359303,
        33.6445376249994,
        53.21950679966886,
        0.0,
        0.0,
        56.65084154714739,
        75.3004529070045,
        0.0,
        0.0,
        0.0
      ],
      [
        0.0,
        0.0,
        0.0,
        0.0,
        0.0,
        0.0,
        565.3311105891838,
        0.0,
        436.2826320632074,
        984.0819780973534,
        0.0,
        0.0,
        0.0,
        502.54303300413994,
        528.4193657427782,
        0.0,
        0.0,
        0.0,
        0.0,
        0.0,
        0.0,
        0.0,
        0.0,
        1071.363090570139,
        0.0,
        0.0,
        0.0,
        755.9131866821746,
        334.965404780852,
        580.8608360390638
      ],
      [
        26.91965408395881,
        21.101228021136592,
        19.43,
        23.417803867997527,
        62.19181748429612,
        0.0,
        0.0,
        34.07580211821873,
        0.0,
        0.0,
        0.0,
        40.31903280089938,
        0.0,
        0.0,
        0.0,
        22.751260184877676,
        0.0,
        33.94764156756696,
        0.0,
        0.0,
        31.613347070501728,
        19.488,
        30.919303485039894,
        0.0,
        16.087570357266507,
        32.32714433722843,
        42.58756255058512,
        0.0,
        0.0,
        0.0
      ],
      [
        44.521426392243995,
        34.89548154131134,
        31.471583182293198,
        38.32921319307246,
        100.88526144090623,
        0.0,
        0.0,
        55.691989819003595,
        0.0,
        0.0,
        59.41965304509949,
        66.28964593358454,
        37.87426704241285,
        0.0,
        0.0,
        37.01699771726497,
        32.91045450916776,
        55.56361219359303,
        0.0,
        31.613347070501728,
        0.0,
        0.0,
        0.0,
        0.0,
        26.17497010504501,
        52.9130352559745,
        70.6455178196041,
        0.0,
        0.0,
        0.0
      ],
      [
        27.08084961739569,
        21.101228021136592,
        19.343,
        23.173504870864917,
        63.586252853899175,
        0.0,
        0.0,
        34.12689027731651,
        0.0,
        0.0,
        36.68530474181726,
        40.50037777601587,
        23.31310429779784,
        0.0,
        0.0,
        22.78531895760953,
        20.44073501613873,
        33.6445376249994,
        0.0,
        19.488,
        0.0,
        0.0,
        30.965314353321205,
        0.0,
        16.015320789793755,
        32.42407730375685,
        42.52361726147013,
        0.0,
        0.0,
        0.0
      ],
      [
        43.029916941588446,
        33.827559208432405,
        30.689249143633347,
        37.26500119414999,
        0.0,
        0.0,
        0.0,
        54.95565375828041,
        0.0,
        0.0,
        58.11709978999296,
        64.0653443914883,
        37.04351530295148,
        0.0,
        0.0,
        36.20480631076487,
        32.23756665755032,
        53.21950679966886,
        0.0,
        30.919303485039894,
        0.0,
        30.965314353321205,
        0.0,
        0.0,
        25.906343624680037,
        51.05896638201757,
        67.87300916417365,
        0.0,
        0.0,
        0.0
      ],
      [
        0.0,
        0.0,
        0.0,
        0.0,
        0.0,
        0.0,
        599.8194262225924,
        0.0,
        456.9094616660943,
        1055.8429871794385,
        0.0,
        0.0,
        0.0,
        526.2911959162913,
        565.4218963331717,
        0.0,
        0.0,
        0.0,
        1071.363090570139,
        0.0,
        0.0,
        0.0,
        0.0,
        0.0,
        0.0,
        0.0,
        0.0,
        819.2883482828252,
        351.3134451469229,
        618.0997275650589
      ],
      [
        22.589820716420043,
        17.601846494047155,
        16.063487168108924,
        19.56335860735574,
        51.72469429585834,
        0.0,
        0.0,
        28.510545417441598,
        0.0,
        0.0,
        0.0,
        33.68393266826188,
        19.302513825924333,
        0.0,
        0.0,
        18.978746007046936,
        17.101597586190596,
        0.0,
        0.0,
        16.087570357266507,
        26.17497010504501,
        16.015320789793755,
        25.906343624680037,
        0.0,
        0.0,
        26.84623213786248,
        35.31394200595567,
        0.0,
        0.0,
        0.0
      ],
      [
        45.32643758337953,
        35.16063992591717,
        32.27867785396422,
        0.0,
        103.16175477375326,
        0.0,
        0.0,
        57.54712885974418,
        0.0,
        0.0,
        0.0,
        67.8886316256264,
        39.02053974511373,
        0.0,
        0.0,
        37.966305587981566,
        33.80536099496646,
        56.65084154714739,
        0.0,
        32.32714433722843,
        52.9130352559745,
        32.42407730375685,
        51.05896638201757,
        0.0,
        26.84623213786248,
        0.0,
        72.02975909997201,
        0.0,
        0.0,
        0.0
      ],
      [
        60.06898114667836,
        46.87461174239206,
        42.779398417930096,
        51.55953646029025,
        135.90368001639987,
        0.0,
        0.0,
        76.1513324899834,
        0.0,
        0.0,
        80.52817767713361,
        89.9701825606684,
        51.48258192825997,
        0.0,
        0.0,
        50.16675552594567,
        45.07202449413605,
        75.3004529070045,
        0.0,
        42.58756255058512,
        70.6455178196041,
        42.52361726147013,
        67.87300916417365,
        0.0,
        35.31394200595567,
        72.02975909997201,
        0.0,
        0.0,
        0.0,
        0.0
      ],
      [
        0.0,
        0.0,
        0.0,
        0.0,
        0.0,
        0.0,
        426.2457896566252,
        0.0,
        327.98457085661823,
        740.9106721542078,
        0.0,
        0.0,
        0.0,
        380.0211874645939,
        398.4152394976879,
        0.0,
        0.0,
        0.0,
        755.9131866821746,
        0.0,
        0.0,
        0.0,
        0.0,
        819.2883482828252,
        0.0,
        0.0,
        0.0,
        0.0,
        252.18429297242128,
        440.5047769911241
      ],
      [
        0.0,
        0.0,
        0.0,
        0.0,
        0.0,
        0.0,
        188.32540809991627,
        0.0,
        146.61113136457274,
        324.54211236140065,
        0.0,
        0.0,
        0.0,
        171.62676336748882,
        173.98210456250953,
        0.0,
        0.0,
        0.0,
        334.965404780852,
        0.0,
        0.0,
        0.0,
        0.0,
        351.3134451469229,
        0.0,
        0.0,
        0.0,
        252.18429297242128,
        0.0,
        193.48377838981747
      ],
      [
        0.0,
        0.0,
        0.0,
        0.0,
        0.0,
        0.0,
        328.4904598066738,
        0.0,
        251.64671235682775,
        567.7167325207175,
        0.0,
        0.0,
        0.0,
        290.27733219113065,
        301.28527876416405,
        0.0,
        0.0,
        0.0,
        580.8608360390638,
        0.0,
        0.0,
        0.0,
        0.0,
        618.0997275650589,
        0.0,
        0.0,
        0.0,
        440.5047769911241,
        193.48377838981747,
        0.0
      ]
    ],
    [
      [
        0.0,
        17.04844860977092,
        10.457055034760026,
        15.620403323858191,
        79.63043388052084,
        0.0,
        0.0,
        31.94173132439756,
        0.0,
        0.0,
